angle :0.000   Frequency (rad/s) :1.000
Number        Real()        IMAG()
           1  0.153037727      0.224771798    
           2  0.173834816      0.255317181    
           3  0.197458103      0.290013522    
           4  0.224291682      0.329424948    
           5  0.254771829      0.374192178    
           6  0.289394110      0.425043106    
           7  0.328721374      0.482804418    
           8  0.373392969      0.548415124    
           9  0.173180819      0.209645674    
          10  0.196715251      0.238135487    
          11  0.223447904      0.270496935    
          12  0.253813356      0.307256132    
          13  0.288305342      0.349010766    
          14  0.327484667      0.396439612    
          15  0.371988237      0.450313836    
          16  0.422539592      0.511509299    
          17  0.191837743      0.192720428    
          18  0.217907578      0.218910187    
          19  0.247520134      0.248659000    
          20  0.281156898      0.282450527    
          21  0.319364756      0.320834190    
          22  0.362764895      0.364434034    
          23  0.412062854      0.413958848    
          24  0.468060166      0.470213801    
          25  0.208848462      0.174141392    
          26  0.237229943      0.197806343    
          27  0.269468337      0.224687263    
          28  0.306087762      0.255221128    
          29  0.347683579      0.289904445    
          30  0.394932091      0.329301089    
          31  0.448601484      0.374051511    
          32  0.509564221      0.424883246    
          33  0.224066973      0.154067963    
          34  0.254516572      0.175005049    
          35  0.289104134      0.198787361    
          36  0.328391999      0.225801632    
          37  0.373018831      0.256486952    
          38  0.423710287      0.291342258    
          39  0.481290430      0.330934256    
          40  0.546695471      0.375906616    
          41  0.237362519      0.132672310    
          42  0.269618899      0.150701836    
          43  0.306258798      0.171181470    
          44  0.347877860      0.194444194    
          45  0.395152777      0.220868215    
          46  0.448852122      0.250883132    
          47  0.509848952      0.284976929    
          48  0.579134881      0.323703885    
          49  0.248621151      0.110138193    
          50  0.282407552      0.125105441    
          51  0.320785373      0.142106652    
          52  0.364378512      0.161418244    
          53  0.413895786      0.183354199    
          54  0.470142215      0.208271161    
          55  0.534032285      0.236574173    
          56  0.606604636      0.268723458    
          57  0.257746279       8.66588876E-02
          58  0.292772710       9.84354094E-02
          59  0.332559109      0.111812301    
          60  0.377752244      0.127007037    
          61  0.429086953      0.144266680    
          62  0.487397790      0.163871825    
          63  0.553632796      0.186141223    
          64  0.628868759      0.211436868    
          65  0.264659494       6.24359287E-02
          66  0.300625443       7.09206685E-02
          67  0.341478974       8.05584416E-02
          68  0.387884259       9.15059373E-02
          69  0.440595895      0.103941143    
          70  0.500470698      0.118066251    
          71  0.568482280      0.134110883    
          72  0.645736217      0.152335882    
          73  0.269301564       3.76771763E-02
          74  0.305898309       4.27973196E-02
          75  0.347468406       4.86132689E-02
          76  0.394687653       5.52195720E-02
          77  0.448323786       6.27236441E-02
          78  0.509248793       7.12474808E-02
          79  0.578453243       8.09296742E-02
          80  0.657062232       9.19276178E-02
          81  0.271632612       1.25950873E-02
          82  0.308546126       1.43066971E-02
          83  0.350476086       1.62509084E-02
          84  0.398104042       1.84593257E-02
          85  0.452204436       2.09678598E-02
          86  0.513656855       2.38172896E-02
          87  0.583460331       2.70539429E-02
          88  0.662749648       3.07304412E-02
          89   0.00000000      -0.00000000    
          90   0.00000000      -0.00000000    
          91   0.00000000      -0.00000000    
          92   0.00000000      -0.00000000    
          93   0.00000000      -0.00000000    
          94   0.00000000      -0.00000000    
          95   0.00000000      -0.00000000    
          96   0.00000000      -0.00000000    
          97   0.00000000      -0.00000000    
          98   0.00000000      -0.00000000    
          99   0.00000000      -0.00000000    
         100   0.00000000      -0.00000000    
         101   0.00000000      -0.00000000    
         102   0.00000000      -0.00000000    
         103   0.00000000      -0.00000000    
         104   0.00000000      -0.00000000    
         105   0.00000000      -0.00000000    
         106   0.00000000      -0.00000000    
         107   0.00000000      -0.00000000    
         108   0.00000000      -0.00000000    
         109   0.00000000      -0.00000000    
         110   0.00000000      -0.00000000    
         111   0.00000000      -0.00000000    
         112   0.00000000      -0.00000000    
         113   0.00000000      -0.00000000    
         114   0.00000000      -0.00000000    
         115   0.00000000      -0.00000000    
         116   0.00000000      -0.00000000    
         117   0.00000000      -0.00000000    
         118   0.00000000      -0.00000000    
         119   0.00000000      -0.00000000    
         120   0.00000000      -0.00000000    
         121   0.00000000      -0.00000000    
         122   0.00000000      -0.00000000    
         123   0.00000000      -0.00000000    
         124   0.00000000      -0.00000000    
         125   0.00000000      -0.00000000    
         126   0.00000000      -0.00000000    
         127   0.00000000      -0.00000000    
         128   0.00000000      -0.00000000    
         129   0.00000000      -0.00000000    
         130   0.00000000      -0.00000000    
         131   0.00000000      -0.00000000    
         132   0.00000000      -0.00000000    
         133   0.00000000      -0.00000000    
         134   0.00000000      -0.00000000    
         135   0.00000000      -0.00000000    
         136   0.00000000      -0.00000000    
         137   0.00000000      -0.00000000    
         138   0.00000000      -0.00000000    
         139   0.00000000      -0.00000000    
         140   0.00000000      -0.00000000    
         141   0.00000000      -0.00000000    
         142   0.00000000      -0.00000000    
         143   0.00000000      -0.00000000    
         144   0.00000000      -0.00000000    
         145   0.00000000      -0.00000000    
         146   0.00000000      -0.00000000    
         147   0.00000000      -0.00000000    
         148   0.00000000      -0.00000000    
         149   0.00000000      -0.00000000    
         150   0.00000000      -0.00000000    
         151   0.00000000      -0.00000000    
         152   0.00000000      -0.00000000    
         153 -0.384559244      -0.00000000    
         154 -0.436818957      -0.00000000    
         155 -0.496180534      -0.00000000    
         156 -0.563609004      -0.00000000    
         157 -0.640200734      -0.00000000    
         158 -0.727200925      -0.00000000    
         159 -0.826023996      -0.00000000    
         160 -0.938276589      -0.00000000    
         161 -0.384559244      -0.00000000    
         162 -0.436818957      -0.00000000    
         163 -0.496180534      -0.00000000    
         164 -0.563609004      -0.00000000    
         165 -0.640200734      -0.00000000    
         166 -0.727200925      -0.00000000    
         167 -0.826023996      -0.00000000    
         168 -0.938276589      -0.00000000    
         169 -0.384559244      -0.00000000    
         170 -0.436818957      -0.00000000    
         171 -0.496180534      -0.00000000    
         172 -0.563609004      -0.00000000    
         173 -0.640200734      -0.00000000    
         174 -0.727200925      -0.00000000    
         175 -0.826023996      -0.00000000    
         176 -0.938276589      -0.00000000    
         177 -0.384559244      -0.00000000    
         178 -0.436818957      -0.00000000    
         179 -0.496180534      -0.00000000    
         180 -0.563609004      -0.00000000    
         181 -0.640200734      -0.00000000    
         182 -0.727200925      -0.00000000    
         183 -0.826023996      -0.00000000    
         184 -0.938276589      -0.00000000    
         185 -0.384559244      -0.00000000    
         186 -0.436818957      -0.00000000    
         187 -0.496180534      -0.00000000    
         188 -0.563609004      -0.00000000    
         189 -0.640200734      -0.00000000    
         190 -0.727200925      -0.00000000    
         191 -0.826023996      -0.00000000    
         192 -0.938276589      -0.00000000    
         193 -0.384559244      -0.00000000    
         194 -0.436818957      -0.00000000    
         195 -0.496180534      -0.00000000    
         196 -0.563609004      -0.00000000    
         197 -0.640200734      -0.00000000    
         198 -0.727200925      -0.00000000    
         199 -0.826023996      -0.00000000    
         200 -0.938276589      -0.00000000    
         201 -0.384559244      -0.00000000    
         202 -0.436818957      -0.00000000    
         203 -0.496180534      -0.00000000    
         204 -0.563609004      -0.00000000    
         205 -0.640200734      -0.00000000    
         206 -0.727200925      -0.00000000    
         207 -0.826023996      -0.00000000    
         208 -0.938276589      -0.00000000    
         209 -0.384559244      -0.00000000    
         210 -0.436818957      -0.00000000    
         211 -0.496180534      -0.00000000    
         212 -0.563609004      -0.00000000    
         213 -0.640200734      -0.00000000    
         214 -0.727200925      -0.00000000    
         215 -0.826023996      -0.00000000    
         216 -0.938276589      -0.00000000    
         217  -2.24628244E-02  0.360123038    
         218  -6.79666996E-02  0.354363829    
         219 -0.112345144      0.342887402    
         220 -0.154867470      0.325897634    
         221 -0.194821149      0.303706974    
         222 -0.231500044      0.276768714    
         223 -0.264098942      0.245855525    
         224 -0.290193617      0.214431480    
         225  -2.24628244E-02  0.360123038    
         226  -6.79666996E-02  0.354363829    
         227 -0.112345144      0.342887402    
         228 -0.154867470      0.325897634    
         229 -0.194821149      0.303706974    
         230 -0.231500044      0.276768714    
         231 -0.264098942      0.245855525    
         232 -0.290193617      0.214431480    
         233  -2.24628244E-02  0.360123038    
         234  -6.79666996E-02  0.354363829    
         235 -0.112345144      0.342887402    
         236 -0.154867470      0.325897634    
         237 -0.194821149      0.303706974    
         238 -0.231500044      0.276768714    
         239 -0.264098942      0.245855525    
         240 -0.290193617      0.214431480    
         241  -2.24628244E-02  0.360123038    
         242  -6.79666996E-02  0.354363829    
         243 -0.112345144      0.342887402    
         244 -0.154867470      0.325897634    
         245 -0.194821149      0.303706974    
         246 -0.231500044      0.276768714    
         247 -0.264098942      0.245855525    
         248 -0.290193617      0.214431480    
         249  -2.24628244E-02  0.360123038    
         250  -6.79666996E-02  0.354363829    
         251 -0.112345144      0.342887402    
         252 -0.154867470      0.325897634    
         253 -0.194821149      0.303706974    
         254 -0.231500044      0.276768714    
         255 -0.264098942      0.245855525    
         256 -0.290193617      0.214431480    
         257  -2.24628244E-02  0.360123038    
         258  -6.79666996E-02  0.354363829    
         259 -0.112345144      0.342887402    
         260 -0.154867470      0.325897634    
         261 -0.194821149      0.303706974    
         262 -0.231500044      0.276768714    
         263 -0.264098942      0.245855525    
         264 -0.290193617      0.214431480    
         265  -2.24628244E-02  0.360123038    
         266  -6.79666996E-02  0.354363829    
         267 -0.112345144      0.342887402    
         268 -0.154867470      0.325897634    
         269 -0.194821149      0.303706974    
         270 -0.231500044      0.276768714    
         271 -0.264098942      0.245855525    
         272 -0.290193617      0.214431480    
         273  -2.24628244E-02  0.360123038    
         274  -6.79666996E-02  0.354363829    
         275 -0.112345144      0.342887402    
         276 -0.154867470      0.325897634    
         277 -0.194821149      0.303706974    
         278 -0.231500044      0.276768714    
         279 -0.264098942      0.245855525    
         280 -0.290193617      0.214431480    
