  0.100000E+01  0.000000E+00     1  2.176238E+03  3.196316E+03
  0.100000E+01  0.000000E+00     2  2.471978E+03  3.630679E+03
  0.100000E+01  0.000000E+00     3  2.807908E+03  4.124071E+03
  0.100000E+01  0.000000E+00     4  3.189489E+03  4.684512E+03
  0.100000E+01  0.000000E+00     5  3.622925E+03  5.321114E+03
  0.100000E+01  0.000000E+00     6  4.115263E+03  6.044228E+03
  0.100000E+01  0.000000E+00     7  4.674507E+03  6.865609E+03
  0.100000E+01  0.000000E+00     8  5.309749E+03  7.798612E+03
  0.100000E+01  0.000000E+00     9  2.462678E+03  2.981218E+03
  0.100000E+01  0.000000E+00    10  2.797344E+03  3.386351E+03
  0.100000E+01  0.000000E+00    11  3.177490E+03  3.846540E+03
  0.100000E+01  0.000000E+00    12  3.609295E+03  4.369266E+03
  0.100000E+01  0.000000E+00    13  4.099780E+03  4.963027E+03
  0.100000E+01  0.000000E+00    14  4.656920E+03  5.637479E+03
  0.100000E+01  0.000000E+00    15  5.289773E+03  6.403585E+03
  0.100000E+01  0.000000E+00    16  6.008627E+03  7.273800E+03
  0.100000E+01  0.000000E+00    17  2.727985E+03  2.740537E+03
  0.100000E+01  0.000000E+00    18  3.098705E+03  3.112962E+03
  0.100000E+01  0.000000E+00    19  3.519804E+03  3.535999E+03
  0.100000E+01  0.000000E+00    20  3.998128E+03  4.016524E+03
  0.100000E+01  0.000000E+00    21  4.541454E+03  4.562350E+03
  0.100000E+01  0.000000E+00    22  5.158616E+03  5.182351E+03
  0.100000E+01  0.000000E+00    23  5.859646E+03  5.886607E+03
  0.100000E+01  0.000000E+00    24  6.655943E+03  6.686568E+03
  0.100000E+01  0.000000E+00    25  2.969882E+03  2.476338E+03
  0.100000E+01  0.000000E+00    26  3.373474E+03  2.812860E+03
  0.100000E+01  0.000000E+00    27  3.831913E+03  3.195114E+03
  0.100000E+01  0.000000E+00    28  4.352651E+03  3.629314E+03
  0.100000E+01  0.000000E+00    29  4.944155E+03  4.122520E+03
  0.100000E+01  0.000000E+00    30  5.616042E+03  4.682750E+03
  0.100000E+01  0.000000E+00    31  6.379234E+03  5.319114E+03
  0.100000E+01  0.000000E+00    32  7.246141E+03  6.041955E+03
  0.100000E+01  0.000000E+00    33  3.186292E+03  2.190888E+03
  0.100000E+01  0.000000E+00    34  3.619294E+03  2.488618E+03
  0.100000E+01  0.000000E+00    35  4.111138E+03  2.826810E+03
  0.100000E+01  0.000000E+00    36  4.669822E+03  3.210959E+03
  0.100000E+01  0.000000E+00    37  5.304427E+03  3.647313E+03
  0.100000E+01  0.000000E+00    38  6.025273E+03  4.142965E+03
  0.100000E+01  0.000000E+00    39  6.844079E+03  4.705974E+03
  0.100000E+01  0.000000E+00    40  7.774155E+03  5.345493E+03
  0.100000E+01  0.000000E+00    41  3.375359E+03  1.886636E+03
  0.100000E+01  0.000000E+00    42  3.834054E+03  2.143021E+03
  0.100000E+01  0.000000E+00    43  4.355083E+03  2.434247E+03
  0.100000E+01  0.000000E+00    44  4.946917E+03  2.765049E+03
  0.100000E+01  0.000000E+00    45  5.619180E+03  3.140806E+03
  0.100000E+01  0.000000E+00    46  6.382799E+03  3.567626E+03
  0.100000E+01  0.000000E+00    47  7.250190E+03  4.052449E+03
  0.100000E+01  0.000000E+00    48  8.235455E+03  4.603157E+03
  0.100000E+01  0.000000E+00    49  3.535460E+03  1.566195E+03
  0.100000E+01  0.000000E+00    50  4.015912E+03  1.779033E+03
  0.100000E+01  0.000000E+00    51  4.561655E+03  2.020795E+03
  0.100000E+01  0.000000E+00    52  5.181561E+03  2.295411E+03
  0.100000E+01  0.000000E+00    53  5.885710E+03  2.607346E+03
  0.100000E+01  0.000000E+00    54  6.685550E+03  2.961672E+03
  0.100000E+01  0.000000E+00    55  7.594083E+03  3.364149E+03
  0.100000E+01  0.000000E+00    56  8.626082E+03  3.821320E+03
  0.100000E+01  0.000000E+00    57  3.665222E+03  1.232313E+03
  0.100000E+01  0.000000E+00    58  4.163308E+03  1.399778E+03
  0.100000E+01  0.000000E+00    59  4.729081E+03  1.590001E+03
  0.100000E+01  0.000000E+00    60  5.371739E+03  1.806074E+03
  0.100000E+01  0.000000E+00    61  6.101733E+03  2.051511E+03
  0.100000E+01  0.000000E+00    62  6.930929E+03  2.330302E+03
  0.100000E+01  0.000000E+00    63  7.872809E+03  2.646979E+03
  0.100000E+01  0.000000E+00    64  8.942684E+03  3.006690E+03
  0.100000E+01  0.000000E+00    65  3.763530E+03  8.878558E+02
  0.100000E+01  0.000000E+00    66  4.274975E+03  1.008511E+03
  0.100000E+01  0.000000E+00    67  4.855924E+03  1.145563E+03
  0.100000E+01  0.000000E+00    68  5.515820E+03  1.301239E+03
  0.100000E+01  0.000000E+00    69  6.265393E+03  1.478071E+03
  0.100000E+01  0.000000E+00    70  7.116830E+03  1.678934E+03
  0.100000E+01  0.000000E+00    71  8.083972E+03  1.907093E+03
  0.100000E+01  0.000000E+00    72  9.182544E+03  2.166258E+03
  0.100000E+01  0.000000E+00    73  3.829541E+03  5.357797E+02
  0.100000E+01  0.000000E+00    74  4.349957E+03  6.085895E+02
  0.100000E+01  0.000000E+00    75  4.941095E+03  6.912939E+02
  0.100000E+01  0.000000E+00    76  5.612565E+03  7.852373E+02
  0.100000E+01  0.000000E+00    77  6.375286E+03  8.919472E+02
  0.100000E+01  0.000000E+00    78  7.241656E+03  1.013159E+03
  0.100000E+01  0.000000E+00    79  8.225763E+03  1.150842E+03
  0.100000E+01  0.000000E+00    80  9.343603E+03  1.307236E+03
  0.100000E+01  0.000000E+00    81  3.862689E+03  1.791056E+02
  0.100000E+01  0.000000E+00    82  4.387610E+03  2.034451E+02
  0.100000E+01  0.000000E+00    83  4.983865E+03  2.310923E+02
  0.100000E+01  0.000000E+00    84  5.661147E+03  2.624966E+02
  0.100000E+01  0.000000E+00    85  6.430470E+03  2.981686E+02
  0.100000E+01  0.000000E+00    86  7.304339E+03  3.386883E+02
  0.100000E+01  0.000000E+00    87  8.296964E+03  3.847144E+02
  0.100000E+01  0.000000E+00    88  9.424479E+03  4.369952E+02
  0.100000E+01  0.000000E+00    89  3.858994E+03  2.461916E+02
  0.100000E+01  0.000000E+00    90  4.383413E+03  2.796478E+02
  0.100000E+01  0.000000E+00    91  4.979097E+03  3.176506E+02
  0.100000E+01  0.000000E+00    92  5.655731E+03  3.608177E+02
  0.100000E+01  0.000000E+00    93  6.424318E+03  4.098511E+02
  0.100000E+01  0.000000E+00    94  7.297352E+03  4.655479E+02
  0.100000E+01  0.000000E+00    95  8.289026E+03  5.288136E+02
  0.100000E+01  0.000000E+00    96  9.415464E+03  6.006768E+02
  0.100000E+01  0.000000E+00    97  3.796424E+03  7.345831E+02
  0.100000E+01  0.000000E+00    98  4.312339E+03  8.344093E+02
  0.100000E+01  0.000000E+00    99  4.898365E+03  9.478015E+02
  0.100000E+01  0.000000E+00   100  5.564029E+03  1.076603E+03
  0.100000E+01  0.000000E+00   101  6.320153E+03  1.222908E+03
  0.100000E+01  0.000000E+00   102  7.179031E+03  1.389095E+03
  0.100000E+01  0.000000E+00   103  8.154627E+03  1.577867E+03
  0.100000E+01  0.000000E+00   104  9.262800E+03  1.792291E+03
  0.100000E+01  0.000000E+00   105  3.672298E+03  1.211064E+03
  0.100000E+01  0.000000E+00   106  4.171345E+03  1.375642E+03
  0.100000E+01  0.000000E+00   107  4.738210E+03  1.562585E+03
  0.100000E+01  0.000000E+00   108  5.382110E+03  1.774932E+03
  0.100000E+01  0.000000E+00   109  6.113512E+03  2.016137E+03
  0.100000E+01  0.000000E+00   110  6.944309E+03  2.290120E+03
  0.100000E+01  0.000000E+00   111  7.888007E+03  2.601336E+03
  0.100000E+01  0.000000E+00   112  8.959948E+03  2.954845E+03
  0.100000E+01  0.000000E+00   113  3.488628E+03  1.667908E+03
  0.100000E+01  0.000000E+00   114  3.962716E+03  1.894569E+03
  0.100000E+01  0.000000E+00   115  4.501230E+03  2.152031E+03
  0.100000E+01  0.000000E+00   116  5.112925E+03  2.444482E+03
  0.100000E+01  0.000000E+00   117  5.807746E+03  2.776675E+03
  0.100000E+01  0.000000E+00   118  6.596991E+03  3.154012E+03
  0.100000E+01  0.000000E+00   119  7.493490E+03  3.582627E+03
  0.100000E+01  0.000000E+00   120  8.511818E+03  4.069488E+03
  0.100000E+01  0.000000E+00   121  3.248394E+03  2.097709E+03
  0.100000E+01  0.000000E+00   122  3.689834E+03  2.382777E+03
  0.100000E+01  0.000000E+00   123  4.191265E+03  2.706585E+03
  0.100000E+01  0.000000E+00   124  4.760837E+03  3.074397E+03
  0.100000E+01  0.000000E+00   125  5.407812E+03  3.492192E+03
  0.100000E+01  0.000000E+00   126  6.142708E+03  3.966764E+03
  0.100000E+01  0.000000E+00   127  6.977472E+03  4.505829E+03
  0.100000E+01  0.000000E+00   128  7.925676E+03  5.118148E+03
  0.100000E+01  0.000000E+00   129  2.955490E+03  2.493497E+03
  0.100000E+01  0.000000E+00   130  3.357126E+03  2.832351E+03
  0.100000E+01  0.000000E+00   131  3.813343E+03  3.217254E+03
  0.100000E+01  0.000000E+00   132  4.331558E+03  3.654463E+03
  0.100000E+01  0.000000E+00   133  4.920195E+03  4.151086E+03
  0.100000E+01  0.000000E+00   134  5.588826E+03  4.715199E+03
  0.100000E+01  0.000000E+00   135  6.348320E+03  5.355972E+03
  0.100000E+01  0.000000E+00   136  7.211026E+03  6.083822E+03
  0.100000E+01  0.000000E+00   137  2.614664E+03  2.848855E+03
  0.100000E+01  0.000000E+00   138  2.969984E+03  3.236001E+03
  0.100000E+01  0.000000E+00   139  3.373591E+03  3.675758E+03
  0.100000E+01  0.000000E+00   140  3.832045E+03  4.175275E+03
  0.100000E+01  0.000000E+00   141  4.352801E+03  4.742674E+03
  0.100000E+01  0.000000E+00   142  4.944326E+03  5.387181E+03
  0.100000E+01  0.000000E+00   143  5.616236E+03  6.119273E+03
  0.100000E+01  0.000000E+00   144  6.379455E+03  6.950852E+03
  0.100000E+01  0.000000E+00   145  2.231445E+03  3.158022E+03
  0.100000E+01  0.000000E+00   146  2.534687E+03  3.587181E+03
  0.100000E+01  0.000000E+00   147  2.879138E+03  4.074662E+03
  0.100000E+01  0.000000E+00   148  3.270399E+03  4.628388E+03
  0.100000E+01  0.000000E+00   149  3.714831E+03  5.257364E+03
  0.100000E+01  0.000000E+00   150  4.219658E+03  5.971814E+03
  0.100000E+01  0.000000E+00   151  4.793089E+03  6.783355E+03
  0.100000E+01  0.000000E+00   152  5.444446E+03  7.705179E+03
  0.100000E+01  0.000000E+00   153  3.866839E+03  0.000000E+00
  0.100000E+01  0.000000E+00   154  4.392324E+03  0.000000E+00
  0.100000E+01  0.000000E+00   155  4.989219E+03  0.000000E+00
  0.100000E+01  0.000000E+00   156  5.667229E+03  0.000000E+00
  0.100000E+01  0.000000E+00   157  6.437378E+03  0.000000E+00
  0.100000E+01  0.000000E+00   158  7.312187E+03  0.000000E+00
  0.100000E+01  0.000000E+00   159  8.305878E+03  0.000000E+00
  0.100000E+01  0.000000E+00   160  9.434605E+03  0.000000E+00
  0.100000E+01  0.000000E+00   161  3.866839E+03  0.000000E+00
  0.100000E+01  0.000000E+00   162  4.392324E+03  0.000000E+00
  0.100000E+01  0.000000E+00   163  4.989219E+03  0.000000E+00
  0.100000E+01  0.000000E+00   164  5.667229E+03  0.000000E+00
  0.100000E+01  0.000000E+00   165  6.437378E+03  0.000000E+00
  0.100000E+01  0.000000E+00   166  7.312187E+03  0.000000E+00
  0.100000E+01  0.000000E+00   167  8.305878E+03  0.000000E+00
  0.100000E+01  0.000000E+00   168  9.434605E+03  0.000000E+00
  0.100000E+01  0.000000E+00   169  3.866839E+03  0.000000E+00
  0.100000E+01  0.000000E+00   170  4.392324E+03  0.000000E+00
  0.100000E+01  0.000000E+00   171  4.989219E+03  0.000000E+00
  0.100000E+01  0.000000E+00   172  5.667229E+03  0.000000E+00
  0.100000E+01  0.000000E+00   173  6.437378E+03  0.000000E+00
  0.100000E+01  0.000000E+00   174  7.312187E+03  0.000000E+00
  0.100000E+01  0.000000E+00   175  8.305878E+03  0.000000E+00
  0.100000E+01  0.000000E+00   176  9.434605E+03  0.000000E+00
  0.100000E+01  0.000000E+00   177  3.866839E+03  0.000000E+00
  0.100000E+01  0.000000E+00   178  4.392324E+03  0.000000E+00
  0.100000E+01  0.000000E+00   179  4.989219E+03  0.000000E+00
  0.100000E+01  0.000000E+00   180  5.667229E+03  0.000000E+00
  0.100000E+01  0.000000E+00   181  6.437378E+03  0.000000E+00
  0.100000E+01  0.000000E+00   182  7.312187E+03  0.000000E+00
  0.100000E+01  0.000000E+00   183  8.305878E+03  0.000000E+00
  0.100000E+01  0.000000E+00   184  9.434605E+03  0.000000E+00
  0.100000E+01  0.000000E+00   185  3.866839E+03  0.000000E+00
  0.100000E+01  0.000000E+00   186  4.392324E+03  0.000000E+00
  0.100000E+01  0.000000E+00   187  4.989219E+03  0.000000E+00
  0.100000E+01  0.000000E+00   188  5.667229E+03  0.000000E+00
  0.100000E+01  0.000000E+00   189  6.437378E+03  0.000000E+00
  0.100000E+01  0.000000E+00   190  7.312187E+03  0.000000E+00
  0.100000E+01  0.000000E+00   191  8.305878E+03  0.000000E+00
  0.100000E+01  0.000000E+00   192  9.434605E+03  0.000000E+00
  0.100000E+01  0.000000E+00   193  3.866839E+03  0.000000E+00
  0.100000E+01  0.000000E+00   194  4.392324E+03  0.000000E+00
  0.100000E+01  0.000000E+00   195  4.989219E+03  0.000000E+00
  0.100000E+01  0.000000E+00   196  5.667229E+03  0.000000E+00
  0.100000E+01  0.000000E+00   197  6.437378E+03  0.000000E+00
  0.100000E+01  0.000000E+00   198  7.312187E+03  0.000000E+00
  0.100000E+01  0.000000E+00   199  8.305878E+03  0.000000E+00
  0.100000E+01  0.000000E+00   200  9.434605E+03  0.000000E+00
  0.100000E+01  0.000000E+00   201  3.866839E+03  0.000000E+00
  0.100000E+01  0.000000E+00   202  4.392324E+03  0.000000E+00
  0.100000E+01  0.000000E+00   203  4.989219E+03  0.000000E+00
  0.100000E+01  0.000000E+00   204  5.667229E+03  0.000000E+00
  0.100000E+01  0.000000E+00   205  6.437378E+03  0.000000E+00
  0.100000E+01  0.000000E+00   206  7.312187E+03  0.000000E+00
  0.100000E+01  0.000000E+00   207  8.305878E+03  0.000000E+00
  0.100000E+01  0.000000E+00   208  9.434605E+03  0.000000E+00
  0.100000E+01  0.000000E+00   209  3.866839E+03  0.000000E+00
  0.100000E+01  0.000000E+00   210  4.392324E+03  0.000000E+00
  0.100000E+01  0.000000E+00   211  4.989219E+03  0.000000E+00
  0.100000E+01  0.000000E+00   212  5.667229E+03  0.000000E+00
  0.100000E+01  0.000000E+00   213  6.437378E+03  0.000000E+00
  0.100000E+01  0.000000E+00   214  7.312187E+03  0.000000E+00
  0.100000E+01  0.000000E+00   215  8.305878E+03  0.000000E+00
  0.100000E+01  0.000000E+00   216  9.434605E+03  0.000000E+00
  0.100000E+01  0.000000E+00   217  3.621127E+03  2.258693E+02
  0.100000E+01  0.000000E+00   218  3.563217E+03  6.834222E+02
  0.100000E+01  0.000000E+00   219  3.447819E+03  1.129659E+03
  0.100000E+01  0.000000E+00   220  3.276982E+03  1.557231E+03
  0.100000E+01  0.000000E+00   221  3.053850E+03  1.958975E+03
  0.100000E+01  0.000000E+00   222  2.782979E+03  2.327791E+03
  0.100000E+01  0.000000E+00   223  2.472139E+03  2.655581E+03
  0.100000E+01  0.000000E+00   224  2.156162E+03  2.917969E+03
  0.100000E+01  0.000000E+00   225  3.621127E+03  2.258693E+02
  0.100000E+01  0.000000E+00   226  3.563217E+03  6.834222E+02
  0.100000E+01  0.000000E+00   227  3.447819E+03  1.129659E+03
  0.100000E+01  0.000000E+00   228  3.276982E+03  1.557231E+03
  0.100000E+01  0.000000E+00   229  3.053850E+03  1.958975E+03
  0.100000E+01  0.000000E+00   230  2.782979E+03  2.327791E+03
  0.100000E+01  0.000000E+00   231  2.472139E+03  2.655581E+03
  0.100000E+01  0.000000E+00   232  2.156162E+03  2.917969E+03
  0.100000E+01  0.000000E+00   233  3.621127E+03  2.258693E+02
  0.100000E+01  0.000000E+00   234  3.563217E+03  6.834222E+02
  0.100000E+01  0.000000E+00   235  3.447819E+03  1.129659E+03
  0.100000E+01  0.000000E+00   236  3.276982E+03  1.557231E+03
  0.100000E+01  0.000000E+00   237  3.053850E+03  1.958975E+03
  0.100000E+01  0.000000E+00   238  2.782979E+03  2.327791E+03
  0.100000E+01  0.000000E+00   239  2.472139E+03  2.655581E+03
  0.100000E+01  0.000000E+00   240  2.156162E+03  2.917969E+03
  0.100000E+01  0.000000E+00   241  3.621127E+03  2.258693E+02
  0.100000E+01  0.000000E+00   242  3.563217E+03  6.834222E+02
  0.100000E+01  0.000000E+00   243  3.447819E+03  1.129659E+03
  0.100000E+01  0.000000E+00   244  3.276982E+03  1.557231E+03
  0.100000E+01  0.000000E+00   245  3.053850E+03  1.958975E+03
  0.100000E+01  0.000000E+00   246  2.782979E+03  2.327791E+03
  0.100000E+01  0.000000E+00   247  2.472139E+03  2.655581E+03
  0.100000E+01  0.000000E+00   248  2.156162E+03  2.917969E+03
  0.100000E+01  0.000000E+00   249  3.621127E+03  2.258693E+02
  0.100000E+01  0.000000E+00   250  3.563217E+03  6.834222E+02
  0.100000E+01  0.000000E+00   251  3.447819E+03  1.129659E+03
  0.100000E+01  0.000000E+00   252  3.276982E+03  1.557231E+03
  0.100000E+01  0.000000E+00   253  3.053850E+03  1.958975E+03
  0.100000E+01  0.000000E+00   254  2.782979E+03  2.327791E+03
  0.100000E+01  0.000000E+00   255  2.472139E+03  2.655581E+03
  0.100000E+01  0.000000E+00   256  2.156162E+03  2.917969E+03
  0.100000E+01  0.000000E+00   257  3.621127E+03  2.258693E+02
  0.100000E+01  0.000000E+00   258  3.563217E+03  6.834222E+02
  0.100000E+01  0.000000E+00   259  3.447819E+03  1.129659E+03
  0.100000E+01  0.000000E+00   260  3.276982E+03  1.557231E+03
  0.100000E+01  0.000000E+00   261  3.053850E+03  1.958975E+03
  0.100000E+01  0.000000E+00   262  2.782979E+03  2.327791E+03
  0.100000E+01  0.000000E+00   263  2.472139E+03  2.655581E+03
  0.100000E+01  0.000000E+00   264  2.156162E+03  2.917969E+03
  0.100000E+01  0.000000E+00   265  3.621127E+03  2.258693E+02
  0.100000E+01  0.000000E+00   266  3.563217E+03  6.834222E+02
  0.100000E+01  0.000000E+00   267  3.447819E+03  1.129659E+03
  0.100000E+01  0.000000E+00   268  3.276982E+03  1.557231E+03
  0.100000E+01  0.000000E+00   269  3.053850E+03  1.958975E+03
  0.100000E+01  0.000000E+00   270  2.782979E+03  2.327791E+03
  0.100000E+01  0.000000E+00   271  2.472139E+03  2.655581E+03
  0.100000E+01  0.000000E+00   272  2.156162E+03  2.917969E+03
  0.100000E+01  0.000000E+00   273  3.621127E+03  2.258693E+02
  0.100000E+01  0.000000E+00   274  3.563217E+03  6.834222E+02
  0.100000E+01  0.000000E+00   275  3.447819E+03  1.129659E+03
  0.100000E+01  0.000000E+00   276  3.276982E+03  1.557231E+03
  0.100000E+01  0.000000E+00   277  3.053850E+03  1.958975E+03
  0.100000E+01  0.000000E+00   278  2.782979E+03  2.327791E+03
  0.100000E+01  0.000000E+00   279  2.472139E+03  2.655581E+03
  0.100000E+01  0.000000E+00   280  2.156162E+03  2.917969E+03
