Frequency (rad/s) :1.000   Mod:    1
Number        Real()        IMAG()
           1  0.707106769       0.00000000    
           2  0.707106769       0.00000000    
           3  0.707106769       0.00000000    
           4  0.707106769       0.00000000    
           5  0.707106769       0.00000000    
           6  0.707106769       0.00000000    
           7  0.707106769       0.00000000    
           8  0.707106769       0.00000000    
           9  0.707106769       0.00000000    
          10  0.707106769       0.00000000    
          11  0.707106769       0.00000000    
          12  0.707106769       0.00000000    
          13  0.707106769       0.00000000    
          14  0.707106769       0.00000000    
          15  0.707106769       0.00000000    
          16  0.707106769       0.00000000    
          17  0.707106709       0.00000000    
          18  0.707106709       0.00000000    
          19  0.707106709       0.00000000    
          20  0.707106709       0.00000000    
          21  0.707106709       0.00000000    
          22  0.707106709       0.00000000    
          23  0.707106709       0.00000000    
          24  0.707106709       0.00000000    
          25  0.707106769       0.00000000    
          26  0.707106769       0.00000000    
          27  0.707106769       0.00000000    
          28  0.707106769       0.00000000    
          29  0.707106769       0.00000000    
          30  0.707106769       0.00000000    
          31  0.707106769       0.00000000    
          32  0.707106769       0.00000000    
          33  0.707106948       0.00000000    
          34  0.707106948       0.00000000    
          35  0.707106948       0.00000000    
          36  0.707106948       0.00000000    
          37  0.707106948       0.00000000    
          38  0.707106948       0.00000000    
          39  0.707106948       0.00000000    
          40  0.707106948       0.00000000    
          41  0.707106769       0.00000000    
          42  0.707106769       0.00000000    
          43  0.707106769       0.00000000    
          44  0.707106769       0.00000000    
          45  0.707106769       0.00000000    
          46  0.707106769       0.00000000    
          47  0.707106769       0.00000000    
          48  0.707106769       0.00000000    
          49  0.707106769       0.00000000    
          50  0.707106769       0.00000000    
          51  0.707106769       0.00000000    
          52  0.707106769       0.00000000    
          53  0.707106769       0.00000000    
          54  0.707106769       0.00000000    
          55  0.707106769       0.00000000    
          56  0.707106769       0.00000000    
          57  0.707106769       0.00000000    
          58  0.707106769       0.00000000    
          59  0.707106769       0.00000000    
          60  0.707106769       0.00000000    
          61  0.707106769       0.00000000    
          62  0.707106769       0.00000000    
          63  0.707106769       0.00000000    
          64  0.707106769       0.00000000    
          65  0.707106769       0.00000000    
          66  0.707106769       0.00000000    
          67  0.707106769       0.00000000    
          68  0.707106769       0.00000000    
          69  0.707106769       0.00000000    
          70  0.707106769       0.00000000    
          71  0.707106769       0.00000000    
          72  0.707106769       0.00000000    
          73  0.707106769       0.00000000    
          74  0.707106769       0.00000000    
          75  0.707106769       0.00000000    
          76  0.707106769       0.00000000    
          77  0.707106769       0.00000000    
          78  0.707106769       0.00000000    
          79  0.707106769       0.00000000    
          80  0.707106769       0.00000000    
          81  0.707106769       0.00000000    
          82  0.707106769       0.00000000    
          83  0.707106769       0.00000000    
          84  0.707106769       0.00000000    
          85  0.707106769       0.00000000    
          86  0.707106769       0.00000000    
          87  0.707106769       0.00000000    
          88  0.707106769       0.00000000    
          89   0.00000000       0.00000000    
          90   0.00000000       0.00000000    
          91   0.00000000       0.00000000    
          92   0.00000000       0.00000000    
          93   0.00000000       0.00000000    
          94   0.00000000       0.00000000    
          95   0.00000000       0.00000000    
          96   0.00000000       0.00000000    
          97   0.00000000       0.00000000    
          98   0.00000000       0.00000000    
          99   0.00000000       0.00000000    
         100   0.00000000       0.00000000    
         101   0.00000000       0.00000000    
         102   0.00000000       0.00000000    
         103   0.00000000       0.00000000    
         104   0.00000000       0.00000000    
         105   0.00000000       0.00000000    
         106   0.00000000       0.00000000    
         107   0.00000000       0.00000000    
         108   0.00000000       0.00000000    
         109   0.00000000       0.00000000    
         110   0.00000000       0.00000000    
         111   0.00000000       0.00000000    
         112   0.00000000       0.00000000    
         113   0.00000000       0.00000000    
         114   0.00000000       0.00000000    
         115   0.00000000       0.00000000    
         116   0.00000000       0.00000000    
         117   0.00000000       0.00000000    
         118   0.00000000       0.00000000    
         119   0.00000000       0.00000000    
         120   0.00000000       0.00000000    
         121   0.00000000       0.00000000    
         122   0.00000000       0.00000000    
         123   0.00000000       0.00000000    
         124   0.00000000       0.00000000    
         125   0.00000000       0.00000000    
         126   0.00000000       0.00000000    
         127   0.00000000       0.00000000    
         128   0.00000000       0.00000000    
         129   0.00000000       0.00000000    
         130   0.00000000       0.00000000    
         131   0.00000000       0.00000000    
         132   0.00000000       0.00000000    
         133   0.00000000       0.00000000    
         134   0.00000000       0.00000000    
         135   0.00000000       0.00000000    
         136   0.00000000       0.00000000    
         137   0.00000000       0.00000000    
         138   0.00000000       0.00000000    
         139   0.00000000       0.00000000    
         140   0.00000000       0.00000000    
         141   0.00000000       0.00000000    
         142   0.00000000       0.00000000    
         143   0.00000000       0.00000000    
         144   0.00000000       0.00000000    
         145   0.00000000       0.00000000    
         146   0.00000000       0.00000000    
         147   0.00000000       0.00000000    
         148   0.00000000       0.00000000    
         149   0.00000000       0.00000000    
         150   0.00000000       0.00000000    
         151   0.00000000       0.00000000    
         152   0.00000000       0.00000000    
         153  -1.00000000       0.00000000    
         154  -1.00000000       0.00000000    
         155  -1.00000000       0.00000000    
         156  -1.00000000       0.00000000    
         157  -1.00000000       0.00000000    
         158  -1.00000000       0.00000000    
         159  -1.00000000       0.00000000    
         160  -1.00000000       0.00000000    
         161  -1.00000000       0.00000000    
         162  -1.00000000       0.00000000    
         163  -1.00000000       0.00000000    
         164  -1.00000000       0.00000000    
         165  -1.00000000       0.00000000    
         166  -1.00000000       0.00000000    
         167  -1.00000000       0.00000000    
         168  -1.00000000       0.00000000    
         169  -1.00000000       0.00000000    
         170  -1.00000000       0.00000000    
         171  -1.00000000       0.00000000    
         172  -1.00000000       0.00000000    
         173  -1.00000000       0.00000000    
         174  -1.00000000       0.00000000    
         175  -1.00000000       0.00000000    
         176  -1.00000000       0.00000000    
         177  -1.00000000       0.00000000    
         178  -1.00000000       0.00000000    
         179  -1.00000000       0.00000000    
         180  -1.00000000       0.00000000    
         181  -1.00000000       0.00000000    
         182  -1.00000000       0.00000000    
         183  -1.00000000       0.00000000    
         184  -1.00000000       0.00000000    
         185  -1.00000000       0.00000000    
         186  -1.00000000       0.00000000    
         187  -1.00000000       0.00000000    
         188  -1.00000000       0.00000000    
         189  -1.00000000       0.00000000    
         190  -1.00000000       0.00000000    
         191  -1.00000000       0.00000000    
         192  -1.00000000       0.00000000    
         193  -1.00000000       0.00000000    
         194  -1.00000000       0.00000000    
         195  -1.00000000       0.00000000    
         196  -1.00000000       0.00000000    
         197  -1.00000000       0.00000000    
         198  -1.00000000       0.00000000    
         199  -1.00000000       0.00000000    
         200  -1.00000000       0.00000000    
         201  -1.00000000       0.00000000    
         202  -1.00000000       0.00000000    
         203  -1.00000000       0.00000000    
         204  -1.00000000       0.00000000    
         205  -1.00000000       0.00000000    
         206  -1.00000000       0.00000000    
         207  -1.00000000       0.00000000    
         208  -1.00000000       0.00000000    
         209  -1.00000000       0.00000000    
         210  -1.00000000       0.00000000    
         211  -1.00000000       0.00000000    
         212  -1.00000000       0.00000000    
         213  -1.00000000       0.00000000    
         214  -1.00000000       0.00000000    
         215  -1.00000000       0.00000000    
         216  -1.00000000       0.00000000    
         217   0.00000000       0.00000000    
         218   0.00000000       0.00000000    
         219   0.00000000       0.00000000    
         220   0.00000000       0.00000000    
         221   0.00000000       0.00000000    
         222   0.00000000       0.00000000    
         223   0.00000000       0.00000000    
         224   0.00000000       0.00000000    
         225   0.00000000       0.00000000    
         226   0.00000000       0.00000000    
         227   0.00000000       0.00000000    
         228   0.00000000       0.00000000    
         229   0.00000000       0.00000000    
         230   0.00000000       0.00000000    
         231   0.00000000       0.00000000    
         232   0.00000000       0.00000000    
         233   0.00000000       0.00000000    
         234   0.00000000       0.00000000    
         235   0.00000000       0.00000000    
         236   0.00000000       0.00000000    
         237   0.00000000       0.00000000    
         238   0.00000000       0.00000000    
         239   0.00000000       0.00000000    
         240   0.00000000       0.00000000    
         241   0.00000000       0.00000000    
         242   0.00000000       0.00000000    
         243   0.00000000       0.00000000    
         244   0.00000000       0.00000000    
         245   0.00000000       0.00000000    
         246   0.00000000       0.00000000    
         247   0.00000000       0.00000000    
         248   0.00000000       0.00000000    
         249   0.00000000       0.00000000    
         250   0.00000000       0.00000000    
         251   0.00000000       0.00000000    
         252   0.00000000       0.00000000    
         253   0.00000000       0.00000000    
         254   0.00000000       0.00000000    
         255   0.00000000       0.00000000    
         256   0.00000000       0.00000000    
         257   0.00000000       0.00000000    
         258   0.00000000       0.00000000    
         259   0.00000000       0.00000000    
         260   0.00000000       0.00000000    
         261   0.00000000       0.00000000    
         262   0.00000000       0.00000000    
         263   0.00000000       0.00000000    
         264   0.00000000       0.00000000    
         265   0.00000000       0.00000000    
         266   0.00000000       0.00000000    
         267   0.00000000       0.00000000    
         268   0.00000000       0.00000000    
         269   0.00000000       0.00000000    
         270   0.00000000       0.00000000    
         271   0.00000000       0.00000000    
         272   0.00000000       0.00000000    
         273   0.00000000       0.00000000    
         274   0.00000000       0.00000000    
         275   0.00000000       0.00000000    
         276   0.00000000       0.00000000    
         277   0.00000000       0.00000000    
         278   0.00000000       0.00000000    
         279   0.00000000       0.00000000    
         280   0.00000000       0.00000000    
Frequency (rad/s) :1.000   Mod:    2
Number        Real()        IMAG()
           1 -0.707106769       0.00000000    
           2 -0.707106769       0.00000000    
           3 -0.707106769       0.00000000    
           4 -0.707106769       0.00000000    
           5 -0.707106769       0.00000000    
           6 -0.707106769       0.00000000    
           7 -0.707106769       0.00000000    
           8 -0.707106769       0.00000000    
           9 -0.707106769       0.00000000    
          10 -0.707106769       0.00000000    
          11 -0.707106769       0.00000000    
          12 -0.707106769       0.00000000    
          13 -0.707106769       0.00000000    
          14 -0.707106769       0.00000000    
          15 -0.707106769       0.00000000    
          16 -0.707106769       0.00000000    
          17 -0.707106888       0.00000000    
          18 -0.707106888       0.00000000    
          19 -0.707106888       0.00000000    
          20 -0.707106888       0.00000000    
          21 -0.707106888       0.00000000    
          22 -0.707106888       0.00000000    
          23 -0.707106888       0.00000000    
          24 -0.707106888       0.00000000    
          25 -0.707106769       0.00000000    
          26 -0.707106769       0.00000000    
          27 -0.707106769       0.00000000    
          28 -0.707106769       0.00000000    
          29 -0.707106769       0.00000000    
          30 -0.707106769       0.00000000    
          31 -0.707106769       0.00000000    
          32 -0.707106769       0.00000000    
          33 -0.707106709       0.00000000    
          34 -0.707106709       0.00000000    
          35 -0.707106709       0.00000000    
          36 -0.707106709       0.00000000    
          37 -0.707106709       0.00000000    
          38 -0.707106709       0.00000000    
          39 -0.707106709       0.00000000    
          40 -0.707106709       0.00000000    
          41 -0.707106769       0.00000000    
          42 -0.707106769       0.00000000    
          43 -0.707106769       0.00000000    
          44 -0.707106769       0.00000000    
          45 -0.707106769       0.00000000    
          46 -0.707106769       0.00000000    
          47 -0.707106769       0.00000000    
          48 -0.707106769       0.00000000    
          49 -0.707106769       0.00000000    
          50 -0.707106769       0.00000000    
          51 -0.707106769       0.00000000    
          52 -0.707106769       0.00000000    
          53 -0.707106769       0.00000000    
          54 -0.707106769       0.00000000    
          55 -0.707106769       0.00000000    
          56 -0.707106769       0.00000000    
          57 -0.707106769       0.00000000    
          58 -0.707106769       0.00000000    
          59 -0.707106769       0.00000000    
          60 -0.707106769       0.00000000    
          61 -0.707106769       0.00000000    
          62 -0.707106769       0.00000000    
          63 -0.707106769       0.00000000    
          64 -0.707106769       0.00000000    
          65 -0.707106769       0.00000000    
          66 -0.707106769       0.00000000    
          67 -0.707106769       0.00000000    
          68 -0.707106769       0.00000000    
          69 -0.707106769       0.00000000    
          70 -0.707106769       0.00000000    
          71 -0.707106769       0.00000000    
          72 -0.707106769       0.00000000    
          73 -0.707106769       0.00000000    
          74 -0.707106769       0.00000000    
          75 -0.707106769       0.00000000    
          76 -0.707106769       0.00000000    
          77 -0.707106769       0.00000000    
          78 -0.707106769       0.00000000    
          79 -0.707106769       0.00000000    
          80 -0.707106769       0.00000000    
          81 -0.707106769       0.00000000    
          82 -0.707106769       0.00000000    
          83 -0.707106769       0.00000000    
          84 -0.707106769       0.00000000    
          85 -0.707106769       0.00000000    
          86 -0.707106769       0.00000000    
          87 -0.707106769       0.00000000    
          88 -0.707106769       0.00000000    
          89   1.00000000       0.00000000    
          90   1.00000000       0.00000000    
          91   1.00000000       0.00000000    
          92   1.00000000       0.00000000    
          93   1.00000000       0.00000000    
          94   1.00000000       0.00000000    
          95   1.00000000       0.00000000    
          96   1.00000000       0.00000000    
          97   1.00000000       0.00000000    
          98   1.00000000       0.00000000    
          99   1.00000000       0.00000000    
         100   1.00000000       0.00000000    
         101   1.00000000       0.00000000    
         102   1.00000000       0.00000000    
         103   1.00000000       0.00000000    
         104   1.00000000       0.00000000    
         105   1.00000000       0.00000000    
         106   1.00000000       0.00000000    
         107   1.00000000       0.00000000    
         108   1.00000000       0.00000000    
         109   1.00000000       0.00000000    
         110   1.00000000       0.00000000    
         111   1.00000000       0.00000000    
         112   1.00000000       0.00000000    
         113   1.00000000       0.00000000    
         114   1.00000000       0.00000000    
         115   1.00000000       0.00000000    
         116   1.00000000       0.00000000    
         117   1.00000000       0.00000000    
         118   1.00000000       0.00000000    
         119   1.00000000       0.00000000    
         120   1.00000000       0.00000000    
         121   1.00000000       0.00000000    
         122   1.00000000       0.00000000    
         123   1.00000000       0.00000000    
         124   1.00000000       0.00000000    
         125   1.00000000       0.00000000    
         126   1.00000000       0.00000000    
         127   1.00000000       0.00000000    
         128   1.00000000       0.00000000    
         129   1.00000000       0.00000000    
         130   1.00000000       0.00000000    
         131   1.00000000       0.00000000    
         132   1.00000000       0.00000000    
         133   1.00000000       0.00000000    
         134   1.00000000       0.00000000    
         135   1.00000000       0.00000000    
         136   1.00000000       0.00000000    
         137   1.00000000       0.00000000    
         138   1.00000000       0.00000000    
         139   1.00000000       0.00000000    
         140   1.00000000       0.00000000    
         141   1.00000000       0.00000000    
         142   1.00000000       0.00000000    
         143   1.00000000       0.00000000    
         144   1.00000000       0.00000000    
         145   1.00000000       0.00000000    
         146   1.00000000       0.00000000    
         147   1.00000000       0.00000000    
         148   1.00000000       0.00000000    
         149   1.00000000       0.00000000    
         150   1.00000000       0.00000000    
         151   1.00000000       0.00000000    
         152   1.00000000       0.00000000    
         153   0.00000000       0.00000000    
         154   0.00000000       0.00000000    
         155   0.00000000       0.00000000    
         156   0.00000000       0.00000000    
         157   0.00000000       0.00000000    
         158   0.00000000       0.00000000    
         159   0.00000000       0.00000000    
         160   0.00000000       0.00000000    
         161   0.00000000       0.00000000    
         162   0.00000000       0.00000000    
         163   0.00000000       0.00000000    
         164   0.00000000       0.00000000    
         165   0.00000000       0.00000000    
         166   0.00000000       0.00000000    
         167   0.00000000       0.00000000    
         168   0.00000000       0.00000000    
         169   0.00000000       0.00000000    
         170   0.00000000       0.00000000    
         171   0.00000000       0.00000000    
         172   0.00000000       0.00000000    
         173   0.00000000       0.00000000    
         174   0.00000000       0.00000000    
         175   0.00000000       0.00000000    
         176   0.00000000       0.00000000    
         177   0.00000000       0.00000000    
         178   0.00000000       0.00000000    
         179   0.00000000       0.00000000    
         180   0.00000000       0.00000000    
         181   0.00000000       0.00000000    
         182   0.00000000       0.00000000    
         183   0.00000000       0.00000000    
         184   0.00000000       0.00000000    
         185   0.00000000       0.00000000    
         186   0.00000000       0.00000000    
         187   0.00000000       0.00000000    
         188   0.00000000       0.00000000    
         189   0.00000000       0.00000000    
         190   0.00000000       0.00000000    
         191   0.00000000       0.00000000    
         192   0.00000000       0.00000000    
         193   0.00000000       0.00000000    
         194   0.00000000       0.00000000    
         195   0.00000000       0.00000000    
         196   0.00000000       0.00000000    
         197   0.00000000       0.00000000    
         198   0.00000000       0.00000000    
         199   0.00000000       0.00000000    
         200   0.00000000       0.00000000    
         201   0.00000000       0.00000000    
         202   0.00000000       0.00000000    
         203   0.00000000       0.00000000    
         204   0.00000000       0.00000000    
         205   0.00000000       0.00000000    
         206   0.00000000       0.00000000    
         207   0.00000000       0.00000000    
         208   0.00000000       0.00000000    
         209   0.00000000       0.00000000    
         210   0.00000000       0.00000000    
         211   0.00000000       0.00000000    
         212   0.00000000       0.00000000    
         213   0.00000000       0.00000000    
         214   0.00000000       0.00000000    
         215   0.00000000       0.00000000    
         216   0.00000000       0.00000000    
         217   0.00000000       0.00000000    
         218   0.00000000       0.00000000    
         219   0.00000000       0.00000000    
         220   0.00000000       0.00000000    
         221   0.00000000       0.00000000    
         222   0.00000000       0.00000000    
         223   0.00000000       0.00000000    
         224   0.00000000       0.00000000    
         225   0.00000000       0.00000000    
         226   0.00000000       0.00000000    
         227   0.00000000       0.00000000    
         228   0.00000000       0.00000000    
         229   0.00000000       0.00000000    
         230   0.00000000       0.00000000    
         231   0.00000000       0.00000000    
         232   0.00000000       0.00000000    
         233   0.00000000       0.00000000    
         234   0.00000000       0.00000000    
         235   0.00000000       0.00000000    
         236   0.00000000       0.00000000    
         237   0.00000000       0.00000000    
         238   0.00000000       0.00000000    
         239   0.00000000       0.00000000    
         240   0.00000000       0.00000000    
         241   0.00000000       0.00000000    
         242   0.00000000       0.00000000    
         243   0.00000000       0.00000000    
         244   0.00000000       0.00000000    
         245   0.00000000       0.00000000    
         246   0.00000000       0.00000000    
         247   0.00000000       0.00000000    
         248   0.00000000       0.00000000    
         249   0.00000000       0.00000000    
         250   0.00000000       0.00000000    
         251   0.00000000       0.00000000    
         252   0.00000000       0.00000000    
         253   0.00000000       0.00000000    
         254   0.00000000       0.00000000    
         255   0.00000000       0.00000000    
         256   0.00000000       0.00000000    
         257   0.00000000       0.00000000    
         258   0.00000000       0.00000000    
         259   0.00000000       0.00000000    
         260   0.00000000       0.00000000    
         261   0.00000000       0.00000000    
         262   0.00000000       0.00000000    
         263   0.00000000       0.00000000    
         264   0.00000000       0.00000000    
         265   0.00000000       0.00000000    
         266   0.00000000       0.00000000    
         267   0.00000000       0.00000000    
         268   0.00000000       0.00000000    
         269   0.00000000       0.00000000    
         270   0.00000000       0.00000000    
         271   0.00000000       0.00000000    
         272   0.00000000       0.00000000    
         273   0.00000000       0.00000000    
         274   0.00000000       0.00000000    
         275   0.00000000       0.00000000    
         276   0.00000000       0.00000000    
         277   0.00000000       0.00000000    
         278   0.00000000       0.00000000    
         279   0.00000000       0.00000000    
         280   0.00000000       0.00000000    
Frequency (rad/s) :1.000   Mod:    3
Number        Real()        IMAG()
           1   0.00000000       0.00000000    
           2   0.00000000       0.00000000    
           3   0.00000000       0.00000000    
           4   0.00000000       0.00000000    
           5   0.00000000       0.00000000    
           6   0.00000000       0.00000000    
           7   0.00000000       0.00000000    
           8   0.00000000       0.00000000    
           9   0.00000000       0.00000000    
          10   0.00000000       0.00000000    
          11   0.00000000       0.00000000    
          12   0.00000000       0.00000000    
          13   0.00000000       0.00000000    
          14   0.00000000       0.00000000    
          15   0.00000000       0.00000000    
          16   0.00000000       0.00000000    
          17   0.00000000       0.00000000    
          18   0.00000000       0.00000000    
          19   0.00000000       0.00000000    
          20   0.00000000       0.00000000    
          21   0.00000000       0.00000000    
          22   0.00000000       0.00000000    
          23   0.00000000       0.00000000    
          24   0.00000000       0.00000000    
          25   0.00000000       0.00000000    
          26   0.00000000       0.00000000    
          27   0.00000000       0.00000000    
          28   0.00000000       0.00000000    
          29   0.00000000       0.00000000    
          30   0.00000000       0.00000000    
          31   0.00000000       0.00000000    
          32   0.00000000       0.00000000    
          33   0.00000000       0.00000000    
          34   0.00000000       0.00000000    
          35   0.00000000       0.00000000    
          36   0.00000000       0.00000000    
          37   0.00000000       0.00000000    
          38   0.00000000       0.00000000    
          39   0.00000000       0.00000000    
          40   0.00000000       0.00000000    
          41   0.00000000       0.00000000    
          42   0.00000000       0.00000000    
          43   0.00000000       0.00000000    
          44   0.00000000       0.00000000    
          45   0.00000000       0.00000000    
          46   0.00000000       0.00000000    
          47   0.00000000       0.00000000    
          48   0.00000000       0.00000000    
          49   0.00000000       0.00000000    
          50   0.00000000       0.00000000    
          51   0.00000000       0.00000000    
          52   0.00000000       0.00000000    
          53   0.00000000       0.00000000    
          54   0.00000000       0.00000000    
          55   0.00000000       0.00000000    
          56   0.00000000       0.00000000    
          57   0.00000000       0.00000000    
          58   0.00000000       0.00000000    
          59   0.00000000       0.00000000    
          60   0.00000000       0.00000000    
          61   0.00000000       0.00000000    
          62   0.00000000       0.00000000    
          63   0.00000000       0.00000000    
          64   0.00000000       0.00000000    
          65   0.00000000       0.00000000    
          66   0.00000000       0.00000000    
          67   0.00000000       0.00000000    
          68   0.00000000       0.00000000    
          69   0.00000000       0.00000000    
          70   0.00000000       0.00000000    
          71   0.00000000       0.00000000    
          72   0.00000000       0.00000000    
          73   0.00000000       0.00000000    
          74   0.00000000       0.00000000    
          75   0.00000000       0.00000000    
          76   0.00000000       0.00000000    
          77   0.00000000       0.00000000    
          78   0.00000000       0.00000000    
          79   0.00000000       0.00000000    
          80   0.00000000       0.00000000    
          81   0.00000000       0.00000000    
          82   0.00000000       0.00000000    
          83   0.00000000       0.00000000    
          84   0.00000000       0.00000000    
          85   0.00000000       0.00000000    
          86   0.00000000       0.00000000    
          87   0.00000000       0.00000000    
          88   0.00000000       0.00000000    
          89   0.00000000       0.00000000    
          90   0.00000000       0.00000000    
          91   0.00000000       0.00000000    
          92   0.00000000       0.00000000    
          93   0.00000000       0.00000000    
          94   0.00000000       0.00000000    
          95   0.00000000       0.00000000    
          96   0.00000000       0.00000000    
          97   0.00000000       0.00000000    
          98   0.00000000       0.00000000    
          99   0.00000000       0.00000000    
         100   0.00000000       0.00000000    
         101   0.00000000       0.00000000    
         102   0.00000000       0.00000000    
         103   0.00000000       0.00000000    
         104   0.00000000       0.00000000    
         105   0.00000000       0.00000000    
         106   0.00000000       0.00000000    
         107   0.00000000       0.00000000    
         108   0.00000000       0.00000000    
         109   0.00000000       0.00000000    
         110   0.00000000       0.00000000    
         111   0.00000000       0.00000000    
         112   0.00000000       0.00000000    
         113   0.00000000       0.00000000    
         114   0.00000000       0.00000000    
         115   0.00000000       0.00000000    
         116   0.00000000       0.00000000    
         117   0.00000000       0.00000000    
         118   0.00000000       0.00000000    
         119   0.00000000       0.00000000    
         120   0.00000000       0.00000000    
         121   0.00000000       0.00000000    
         122   0.00000000       0.00000000    
         123   0.00000000       0.00000000    
         124   0.00000000       0.00000000    
         125   0.00000000       0.00000000    
         126   0.00000000       0.00000000    
         127   0.00000000       0.00000000    
         128   0.00000000       0.00000000    
         129   0.00000000       0.00000000    
         130   0.00000000       0.00000000    
         131   0.00000000       0.00000000    
         132   0.00000000       0.00000000    
         133   0.00000000       0.00000000    
         134   0.00000000       0.00000000    
         135   0.00000000       0.00000000    
         136   0.00000000       0.00000000    
         137   0.00000000       0.00000000    
         138   0.00000000       0.00000000    
         139   0.00000000       0.00000000    
         140   0.00000000       0.00000000    
         141   0.00000000       0.00000000    
         142   0.00000000       0.00000000    
         143   0.00000000       0.00000000    
         144   0.00000000       0.00000000    
         145   0.00000000       0.00000000    
         146   0.00000000       0.00000000    
         147   0.00000000       0.00000000    
         148   0.00000000       0.00000000    
         149   0.00000000       0.00000000    
         150   0.00000000       0.00000000    
         151   0.00000000       0.00000000    
         152   0.00000000       0.00000000    
         153   0.00000000       0.00000000    
         154   0.00000000       0.00000000    
         155   0.00000000       0.00000000    
         156   0.00000000       0.00000000    
         157   0.00000000       0.00000000    
         158   0.00000000       0.00000000    
         159   0.00000000       0.00000000    
         160   0.00000000       0.00000000    
         161   0.00000000       0.00000000    
         162   0.00000000       0.00000000    
         163   0.00000000       0.00000000    
         164   0.00000000       0.00000000    
         165   0.00000000       0.00000000    
         166   0.00000000       0.00000000    
         167   0.00000000       0.00000000    
         168   0.00000000       0.00000000    
         169   0.00000000       0.00000000    
         170   0.00000000       0.00000000    
         171   0.00000000       0.00000000    
         172   0.00000000       0.00000000    
         173   0.00000000       0.00000000    
         174   0.00000000       0.00000000    
         175   0.00000000       0.00000000    
         176   0.00000000       0.00000000    
         177   0.00000000       0.00000000    
         178   0.00000000       0.00000000    
         179   0.00000000       0.00000000    
         180   0.00000000       0.00000000    
         181   0.00000000       0.00000000    
         182   0.00000000       0.00000000    
         183   0.00000000       0.00000000    
         184   0.00000000       0.00000000    
         185   0.00000000       0.00000000    
         186   0.00000000       0.00000000    
         187   0.00000000       0.00000000    
         188   0.00000000       0.00000000    
         189   0.00000000       0.00000000    
         190   0.00000000       0.00000000    
         191   0.00000000       0.00000000    
         192   0.00000000       0.00000000    
         193   0.00000000       0.00000000    
         194   0.00000000       0.00000000    
         195   0.00000000       0.00000000    
         196   0.00000000       0.00000000    
         197   0.00000000       0.00000000    
         198   0.00000000       0.00000000    
         199   0.00000000       0.00000000    
         200   0.00000000       0.00000000    
         201   0.00000000       0.00000000    
         202   0.00000000       0.00000000    
         203   0.00000000       0.00000000    
         204   0.00000000       0.00000000    
         205   0.00000000       0.00000000    
         206   0.00000000       0.00000000    
         207   0.00000000       0.00000000    
         208   0.00000000       0.00000000    
         209   0.00000000       0.00000000    
         210   0.00000000       0.00000000    
         211   0.00000000       0.00000000    
         212   0.00000000       0.00000000    
         213   0.00000000       0.00000000    
         214   0.00000000       0.00000000    
         215   0.00000000       0.00000000    
         216   0.00000000       0.00000000    
         217  -1.00000000       0.00000000    
         218  -1.00000000       0.00000000    
         219  -1.00000000       0.00000000    
         220  -1.00000000       0.00000000    
         221  -1.00000000       0.00000000    
         222  -1.00000000       0.00000000    
         223  -1.00000000       0.00000000    
         224  -1.00000000       0.00000000    
         225  -1.00000000       0.00000000    
         226  -1.00000000       0.00000000    
         227  -1.00000000       0.00000000    
         228  -1.00000000       0.00000000    
         229  -1.00000000       0.00000000    
         230  -1.00000000       0.00000000    
         231  -1.00000000       0.00000000    
         232  -1.00000000       0.00000000    
         233  -1.00000000       0.00000000    
         234  -1.00000000       0.00000000    
         235  -1.00000000       0.00000000    
         236  -1.00000000       0.00000000    
         237  -1.00000000       0.00000000    
         238  -1.00000000       0.00000000    
         239  -1.00000000       0.00000000    
         240  -1.00000000       0.00000000    
         241  -1.00000000       0.00000000    
         242  -1.00000000       0.00000000    
         243  -1.00000000       0.00000000    
         244  -1.00000000       0.00000000    
         245  -1.00000000       0.00000000    
         246  -1.00000000       0.00000000    
         247  -1.00000000       0.00000000    
         248  -1.00000000       0.00000000    
         249  -1.00000000       0.00000000    
         250  -1.00000000       0.00000000    
         251  -1.00000000       0.00000000    
         252  -1.00000000       0.00000000    
         253  -1.00000000       0.00000000    
         254  -1.00000000       0.00000000    
         255  -1.00000000       0.00000000    
         256  -1.00000000       0.00000000    
         257  -1.00000000       0.00000000    
         258  -1.00000000       0.00000000    
         259  -1.00000000       0.00000000    
         260  -1.00000000       0.00000000    
         261  -1.00000000       0.00000000    
         262  -1.00000000       0.00000000    
         263  -1.00000000       0.00000000    
         264  -1.00000000       0.00000000    
         265  -1.00000000       0.00000000    
         266  -1.00000000       0.00000000    
         267  -1.00000000       0.00000000    
         268  -1.00000000       0.00000000    
         269  -1.00000000       0.00000000    
         270  -1.00000000       0.00000000    
         271  -1.00000000       0.00000000    
         272  -1.00000000       0.00000000    
         273  -1.00000000       0.00000000    
         274  -1.00000000       0.00000000    
         275  -1.00000000       0.00000000    
         276  -1.00000000       0.00000000    
         277  -1.00000000       0.00000000    
         278  -1.00000000       0.00000000    
         279  -1.00000000       0.00000000    
         280  -1.00000000       0.00000000    
Frequency (rad/s) :1.000   Mod:    4
Number        Real()        IMAG()
           1  -1.32582521       0.00000000    
           2 -0.441941738       0.00000000    
           3  0.441941738       0.00000000    
           4   1.32582521       0.00000000    
           5   2.20970869       0.00000000    
           6   3.09359217       0.00000000    
           7   3.97747564       0.00000000    
           8   4.86135912       0.00000000    
           9  -1.32582521       0.00000000    
          10 -0.441941738       0.00000000    
          11  0.441941738       0.00000000    
          12   1.32582521       0.00000000    
          13   2.20970869       0.00000000    
          14   3.09359217       0.00000000    
          15   3.97747564       0.00000000    
          16   4.86135912       0.00000000    
          17  -1.32582545       0.00000000    
          18 -0.441941798       0.00000000    
          19  0.441941798       0.00000000    
          20   1.32582545       0.00000000    
          21   2.20970893       0.00000000    
          22   3.09359264       0.00000000    
          23   3.97747636       0.00000000    
          24   4.86136007       0.00000000    
          25  -1.32582521       0.00000000    
          26 -0.441941738       0.00000000    
          27  0.441941738       0.00000000    
          28   1.32582521       0.00000000    
          29   2.20970869       0.00000000    
          30   3.09359217       0.00000000    
          31   3.97747564       0.00000000    
          32   4.86135912       0.00000000    
          33  -1.32582510       0.00000000    
          34 -0.441941679       0.00000000    
          35  0.441941351       0.00000000    
          36   1.32582545       0.00000000    
          37   2.20970845       0.00000000    
          38   3.09359193       0.00000000    
          39   3.97747517       0.00000000    
          40   4.86135864       0.00000000    
          41  -1.32582521       0.00000000    
          42 -0.441941738       0.00000000    
          43  0.441941738       0.00000000    
          44   1.32582521       0.00000000    
          45   2.20970869       0.00000000    
          46   3.09359217       0.00000000    
          47   3.97747564       0.00000000    
          48   4.86135912       0.00000000    
          49  -1.32582521       0.00000000    
          50 -0.441941738       0.00000000    
          51  0.441941738       0.00000000    
          52   1.32582521       0.00000000    
          53   2.20970869       0.00000000    
          54   3.09359217       0.00000000    
          55   3.97747564       0.00000000    
          56   4.86135912       0.00000000    
          57  -1.32582521       0.00000000    
          58 -0.441941738       0.00000000    
          59  0.441941738       0.00000000    
          60   1.32582521       0.00000000    
          61   2.20970869       0.00000000    
          62   3.09359217       0.00000000    
          63   3.97747564       0.00000000    
          64   4.86135912       0.00000000    
          65  -1.32582521       0.00000000    
          66 -0.441941738       0.00000000    
          67  0.441941738       0.00000000    
          68   1.32582521       0.00000000    
          69   2.20970869       0.00000000    
          70   3.09359217       0.00000000    
          71   3.97747564       0.00000000    
          72   4.86135912       0.00000000    
          73  -1.32582521       0.00000000    
          74 -0.441941738       0.00000000    
          75  0.441941738       0.00000000    
          76   1.32582521       0.00000000    
          77   2.20970869       0.00000000    
          78   3.09359217       0.00000000    
          79   3.97747564       0.00000000    
          80   4.86135912       0.00000000    
          81  -1.32582521       0.00000000    
          82 -0.441941738       0.00000000    
          83  0.441941738       0.00000000    
          84   1.32582521       0.00000000    
          85   2.20970869       0.00000000    
          86   3.09359217       0.00000000    
          87   3.97747564       0.00000000    
          88   4.86135912       0.00000000    
          89   1.87500000       0.00000000    
          90  0.625000000       0.00000000    
          91 -0.625000000       0.00000000    
          92  -1.87500000       0.00000000    
          93  -3.12500000       0.00000000    
          94  -4.37500000       0.00000000    
          95  -5.62500000       0.00000000    
          96  -6.87500000       0.00000000    
          97   1.87500000       0.00000000    
          98  0.625000000       0.00000000    
          99 -0.625000000       0.00000000    
         100  -1.87500000       0.00000000    
         101  -3.12500000       0.00000000    
         102  -4.37500000       0.00000000    
         103  -5.62500000       0.00000000    
         104  -6.87500000       0.00000000    
         105   1.87500000       0.00000000    
         106  0.625000000       0.00000000    
         107 -0.625000000       0.00000000    
         108  -1.87500000       0.00000000    
         109  -3.12500000       0.00000000    
         110  -4.37500000       0.00000000    
         111  -5.62500000       0.00000000    
         112  -6.87500000       0.00000000    
         113   1.87500000       0.00000000    
         114  0.625000000       0.00000000    
         115 -0.625000000       0.00000000    
         116  -1.87500000       0.00000000    
         117  -3.12500000       0.00000000    
         118  -4.37500000       0.00000000    
         119  -5.62500000       0.00000000    
         120  -6.87500000       0.00000000    
         121   1.87500000       0.00000000    
         122  0.625000000       0.00000000    
         123 -0.625000000       0.00000000    
         124  -1.87500000       0.00000000    
         125  -3.12500000       0.00000000    
         126  -4.37500000       0.00000000    
         127  -5.62500000       0.00000000    
         128  -6.87500000       0.00000000    
         129   1.87500000       0.00000000    
         130  0.625000000       0.00000000    
         131 -0.625000000       0.00000000    
         132  -1.87500000       0.00000000    
         133  -3.12500000       0.00000000    
         134  -4.37500000       0.00000000    
         135  -5.62500000       0.00000000    
         136  -6.87500000       0.00000000    
         137   1.87500000       0.00000000    
         138  0.625000000       0.00000000    
         139 -0.625000000       0.00000000    
         140  -1.87500000       0.00000000    
         141  -3.12500000       0.00000000    
         142  -4.37500000       0.00000000    
         143  -5.62500000       0.00000000    
         144  -6.87500000       0.00000000    
         145   1.87500000       0.00000000    
         146  0.625000000       0.00000000    
         147 -0.625000000       0.00000000    
         148  -1.87500000       0.00000000    
         149  -3.12500000       0.00000000    
         150  -4.37500000       0.00000000    
         151  -5.62500000       0.00000000    
         152  -6.87500000       0.00000000    
         153   0.00000000       0.00000000    
         154   0.00000000       0.00000000    
         155   0.00000000       0.00000000    
         156   0.00000000       0.00000000    
         157   0.00000000       0.00000000    
         158   0.00000000       0.00000000    
         159   0.00000000       0.00000000    
         160   0.00000000       0.00000000    
         161   0.00000000       0.00000000    
         162   0.00000000       0.00000000    
         163   0.00000000       0.00000000    
         164   0.00000000       0.00000000    
         165   0.00000000       0.00000000    
         166   0.00000000       0.00000000    
         167   0.00000000       0.00000000    
         168   0.00000000       0.00000000    
         169   0.00000000       0.00000000    
         170   0.00000000       0.00000000    
         171   0.00000000       0.00000000    
         172   0.00000000       0.00000000    
         173   0.00000000       0.00000000    
         174   0.00000000       0.00000000    
         175   0.00000000       0.00000000    
         176   0.00000000       0.00000000    
         177   0.00000000       0.00000000    
         178   0.00000000       0.00000000    
         179   0.00000000       0.00000000    
         180   0.00000000       0.00000000    
         181   0.00000000       0.00000000    
         182   0.00000000       0.00000000    
         183   0.00000000       0.00000000    
         184   0.00000000       0.00000000    
         185   0.00000000       0.00000000    
         186   0.00000000       0.00000000    
         187   0.00000000       0.00000000    
         188   0.00000000       0.00000000    
         189   0.00000000       0.00000000    
         190   0.00000000       0.00000000    
         191   0.00000000       0.00000000    
         192   0.00000000       0.00000000    
         193   0.00000000       0.00000000    
         194   0.00000000       0.00000000    
         195   0.00000000       0.00000000    
         196   0.00000000       0.00000000    
         197   0.00000000       0.00000000    
         198   0.00000000       0.00000000    
         199   0.00000000       0.00000000    
         200   0.00000000       0.00000000    
         201   0.00000000       0.00000000    
         202   0.00000000       0.00000000    
         203   0.00000000       0.00000000    
         204   0.00000000       0.00000000    
         205   0.00000000       0.00000000    
         206   0.00000000       0.00000000    
         207   0.00000000       0.00000000    
         208   0.00000000       0.00000000    
         209   0.00000000       0.00000000    
         210   0.00000000       0.00000000    
         211   0.00000000       0.00000000    
         212   0.00000000       0.00000000    
         213   0.00000000       0.00000000    
         214   0.00000000       0.00000000    
         215   0.00000000       0.00000000    
         216   0.00000000       0.00000000    
         217  -4.41319466       0.00000000    
         218  -4.49118567       0.00000000    
         219  -4.56912899       0.00000000    
         220  -4.64699125       0.00000000    
         221  -4.72470236       0.00000000    
         222  -4.80208349       0.00000000    
         223  -4.87847233       0.00000000    
         224  -4.94791651       0.00000000    
         225  -3.23958325       0.00000000    
         226  -3.47355771       0.00000000    
         227  -3.70738626       0.00000000    
         228  -3.94097233       0.00000000    
         229  -4.17410707       0.00000000    
         230  -4.40625000       0.00000000    
         231  -4.63541651       0.00000000    
         232  -4.84375000       0.00000000    
         233  -2.06597233       0.00000000    
         234  -2.45592952       0.00000000    
         235  -2.84564400       0.00000000    
         236  -3.23495364       0.00000000    
         237  -3.62351179       0.00000000    
         238  -4.01041651       0.00000000    
         239  -4.39236116       0.00000000    
         240  -4.73958349       0.00000000    
         241 -0.892361104       0.00000000    
         242  -1.43830121       0.00000000    
         243  -1.98390162       0.00000000    
         244  -2.52893496       0.00000000    
         245  -3.07291675       0.00000000    
         246  -3.61458325       0.00000000    
         247  -4.14930582       0.00000000    
         248  -4.63541651       0.00000000    
         249  0.281250000       0.00000000    
         250 -0.420673072       0.00000000    
         251  -1.12215912       0.00000000    
         252  -1.82291663       0.00000000    
         253  -2.52232146       0.00000000    
         254  -3.21875000       0.00000000    
         255  -3.90625000       0.00000000    
         256  -4.53125000       0.00000000    
         257   1.45486104       0.00000000    
         258  0.596955121       0.00000000    
         259 -0.260416657       0.00000000    
         260  -1.11689818       0.00000000    
         261  -1.97172630       0.00000000    
         262  -2.82291675       0.00000000    
         263  -3.66319418       0.00000000    
         264  -4.42708349       0.00000000    
         265   2.62847233       0.00000000    
         266   1.61458349       0.00000000    
         267  0.601325810       0.00000000    
         268 -0.410879642       0.00000000    
         269  -1.42113090       0.00000000    
         270  -2.42708325       0.00000000    
         271  -3.42013884       0.00000000    
         272  -4.32291651       0.00000000    
         273   3.80208325       0.00000000    
         274   2.63221145       0.00000000    
         275   1.46306813       0.00000000    
         276  0.295138896       0.00000000    
         277 -0.870535731       0.00000000    
         278  -2.03125000       0.00000000    
         279  -3.17708349       0.00000000    
         280  -4.21875000       0.00000000    
Frequency (rad/s) :1.000   Mod:    5
Number        Real()        IMAG()
           1  -1.32582521       0.00000000    
           2 -0.441941738       0.00000000    
           3  0.441941738       0.00000000    
           4   1.32582521       0.00000000    
           5   2.20970869       0.00000000    
           6   3.09359217       0.00000000    
           7   3.97747564       0.00000000    
           8   4.86135912       0.00000000    
           9  -1.32582521       0.00000000    
          10 -0.441941738       0.00000000    
          11  0.441941738       0.00000000    
          12   1.32582521       0.00000000    
          13   2.20970869       0.00000000    
          14   3.09359217       0.00000000    
          15   3.97747564       0.00000000    
          16   4.86135912       0.00000000    
          17  -1.32582510       0.00000000    
          18 -0.441941679       0.00000000    
          19  0.441941679       0.00000000    
          20   1.32582510       0.00000000    
          21   2.20970845       0.00000000    
          22   3.09359193       0.00000000    
          23   3.97747517       0.00000000    
          24   4.86135864       0.00000000    
          25  -1.32582521       0.00000000    
          26 -0.441941738       0.00000000    
          27  0.441941738       0.00000000    
          28   1.32582521       0.00000000    
          29   2.20970869       0.00000000    
          30   3.09359217       0.00000000    
          31   3.97747564       0.00000000    
          32   4.86135912       0.00000000    
          33  -1.32582557       0.00000000    
          34 -0.441941857       0.00000000    
          35  0.441941500       0.00000000    
          36   1.32582581       0.00000000    
          37   2.20970917       0.00000000    
          38   3.09359288       0.00000000    
          39   3.97747660       0.00000000    
          40   4.86136007       0.00000000    
          41  -1.32582521       0.00000000    
          42 -0.441941738       0.00000000    
          43  0.441941738       0.00000000    
          44   1.32582521       0.00000000    
          45   2.20970869       0.00000000    
          46   3.09359217       0.00000000    
          47   3.97747564       0.00000000    
          48   4.86135912       0.00000000    
          49  -1.32582521       0.00000000    
          50 -0.441941738       0.00000000    
          51  0.441941738       0.00000000    
          52   1.32582521       0.00000000    
          53   2.20970869       0.00000000    
          54   3.09359217       0.00000000    
          55   3.97747564       0.00000000    
          56   4.86135912       0.00000000    
          57  -1.32582521       0.00000000    
          58 -0.441941738       0.00000000    
          59  0.441941738       0.00000000    
          60   1.32582521       0.00000000    
          61   2.20970869       0.00000000    
          62   3.09359217       0.00000000    
          63   3.97747564       0.00000000    
          64   4.86135912       0.00000000    
          65  -1.32582521       0.00000000    
          66 -0.441941738       0.00000000    
          67  0.441941738       0.00000000    
          68   1.32582521       0.00000000    
          69   2.20970869       0.00000000    
          70   3.09359217       0.00000000    
          71   3.97747564       0.00000000    
          72   4.86135912       0.00000000    
          73  -1.32582521       0.00000000    
          74 -0.441941738       0.00000000    
          75  0.441941738       0.00000000    
          76   1.32582521       0.00000000    
          77   2.20970869       0.00000000    
          78   3.09359217       0.00000000    
          79   3.97747564       0.00000000    
          80   4.86135912       0.00000000    
          81  -1.32582521       0.00000000    
          82 -0.441941738       0.00000000    
          83  0.441941738       0.00000000    
          84   1.32582521       0.00000000    
          85   2.20970869       0.00000000    
          86   3.09359217       0.00000000    
          87   3.97747564       0.00000000    
          88   4.86135912       0.00000000    
          89   0.00000000       0.00000000    
          90   0.00000000       0.00000000    
          91   0.00000000       0.00000000    
          92   0.00000000       0.00000000    
          93   0.00000000       0.00000000    
          94   0.00000000       0.00000000    
          95   0.00000000       0.00000000    
          96   0.00000000       0.00000000    
          97   0.00000000       0.00000000    
          98   0.00000000       0.00000000    
          99   0.00000000       0.00000000    
         100   0.00000000       0.00000000    
         101   0.00000000       0.00000000    
         102   0.00000000       0.00000000    
         103   0.00000000       0.00000000    
         104   0.00000000       0.00000000    
         105   0.00000000       0.00000000    
         106   0.00000000       0.00000000    
         107   0.00000000       0.00000000    
         108   0.00000000       0.00000000    
         109   0.00000000       0.00000000    
         110   0.00000000       0.00000000    
         111   0.00000000       0.00000000    
         112   0.00000000       0.00000000    
         113   0.00000000       0.00000000    
         114   0.00000000       0.00000000    
         115   0.00000000       0.00000000    
         116   0.00000000       0.00000000    
         117   0.00000000       0.00000000    
         118   0.00000000       0.00000000    
         119   0.00000000       0.00000000    
         120   0.00000000       0.00000000    
         121   0.00000000       0.00000000    
         122   0.00000000       0.00000000    
         123   0.00000000       0.00000000    
         124   0.00000000       0.00000000    
         125   0.00000000       0.00000000    
         126   0.00000000       0.00000000    
         127   0.00000000       0.00000000    
         128   0.00000000       0.00000000    
         129   0.00000000       0.00000000    
         130   0.00000000       0.00000000    
         131   0.00000000       0.00000000    
         132   0.00000000       0.00000000    
         133   0.00000000       0.00000000    
         134   0.00000000       0.00000000    
         135   0.00000000       0.00000000    
         136   0.00000000       0.00000000    
         137   0.00000000       0.00000000    
         138   0.00000000       0.00000000    
         139   0.00000000       0.00000000    
         140   0.00000000       0.00000000    
         141   0.00000000       0.00000000    
         142   0.00000000       0.00000000    
         143   0.00000000       0.00000000    
         144   0.00000000       0.00000000    
         145   0.00000000       0.00000000    
         146   0.00000000       0.00000000    
         147   0.00000000       0.00000000    
         148   0.00000000       0.00000000    
         149   0.00000000       0.00000000    
         150   0.00000000       0.00000000    
         151   0.00000000       0.00000000    
         152   0.00000000       0.00000000    
         153   1.87500000       0.00000000    
         154  0.625000000       0.00000000    
         155 -0.625000000       0.00000000    
         156  -1.87500000       0.00000000    
         157  -3.12500000       0.00000000    
         158  -4.37500000       0.00000000    
         159  -5.62500000       0.00000000    
         160  -6.87500000       0.00000000    
         161   1.87500000       0.00000000    
         162  0.625000000       0.00000000    
         163 -0.625000000       0.00000000    
         164  -1.87500000       0.00000000    
         165  -3.12500000       0.00000000    
         166  -4.37500000       0.00000000    
         167  -5.62500000       0.00000000    
         168  -6.87500000       0.00000000    
         169   1.87500000       0.00000000    
         170  0.625000000       0.00000000    
         171 -0.625000000       0.00000000    
         172  -1.87500000       0.00000000    
         173  -3.12500000       0.00000000    
         174  -4.37500000       0.00000000    
         175  -5.62500000       0.00000000    
         176  -6.87500000       0.00000000    
         177   1.87500000       0.00000000    
         178  0.625000000       0.00000000    
         179 -0.625000000       0.00000000    
         180  -1.87500000       0.00000000    
         181  -3.12500000       0.00000000    
         182  -4.37500000       0.00000000    
         183  -5.62500000       0.00000000    
         184  -6.87500000       0.00000000    
         185   1.87500000       0.00000000    
         186  0.625000000       0.00000000    
         187 -0.625000000       0.00000000    
         188  -1.87500000       0.00000000    
         189  -3.12500000       0.00000000    
         190  -4.37500000       0.00000000    
         191  -5.62500000       0.00000000    
         192  -6.87500000       0.00000000    
         193   1.87500000       0.00000000    
         194  0.625000000       0.00000000    
         195 -0.625000000       0.00000000    
         196  -1.87500000       0.00000000    
         197  -3.12500000       0.00000000    
         198  -4.37500000       0.00000000    
         199  -5.62500000       0.00000000    
         200  -6.87500000       0.00000000    
         201   1.87500000       0.00000000    
         202  0.625000000       0.00000000    
         203 -0.625000000       0.00000000    
         204  -1.87500000       0.00000000    
         205  -3.12500000       0.00000000    
         206  -4.37500000       0.00000000    
         207  -5.62500000       0.00000000    
         208  -6.87500000       0.00000000    
         209   1.87500000       0.00000000    
         210  0.625000000       0.00000000    
         211 -0.625000000       0.00000000    
         212  -1.87500000       0.00000000    
         213  -3.12500000       0.00000000    
         214  -4.37500000       0.00000000    
         215  -5.62500000       0.00000000    
         216  -6.87500000       0.00000000    
         217  0.611111104       0.00000000    
         218   1.85897422       0.00000000    
         219   3.10606050       0.00000000    
         220   4.35185146       0.00000000    
         221   5.59523773       0.00000000    
         222   6.83333349       0.00000000    
         223   8.05555534       0.00000000    
         224   9.16666698       0.00000000    
         225  0.611111104       0.00000000    
         226   1.85897422       0.00000000    
         227   3.10606050       0.00000000    
         228   4.35185146       0.00000000    
         229   5.59523773       0.00000000    
         230   6.83333349       0.00000000    
         231   8.05555534       0.00000000    
         232   9.16666698       0.00000000    
         233  0.611111104       0.00000000    
         234   1.85897422       0.00000000    
         235   3.10606050       0.00000000    
         236   4.35185146       0.00000000    
         237   5.59523773       0.00000000    
         238   6.83333349       0.00000000    
         239   8.05555534       0.00000000    
         240   9.16666698       0.00000000    
         241  0.611111104       0.00000000    
         242   1.85897422       0.00000000    
         243   3.10606050       0.00000000    
         244   4.35185146       0.00000000    
         245   5.59523773       0.00000000    
         246   6.83333349       0.00000000    
         247   8.05555534       0.00000000    
         248   9.16666698       0.00000000    
         249  0.611111104       0.00000000    
         250   1.85897422       0.00000000    
         251   3.10606050       0.00000000    
         252   4.35185146       0.00000000    
         253   5.59523773       0.00000000    
         254   6.83333349       0.00000000    
         255   8.05555534       0.00000000    
         256   9.16666698       0.00000000    
         257  0.611111104       0.00000000    
         258   1.85897422       0.00000000    
         259   3.10606050       0.00000000    
         260   4.35185146       0.00000000    
         261   5.59523773       0.00000000    
         262   6.83333349       0.00000000    
         263   8.05555534       0.00000000    
         264   9.16666698       0.00000000    
         265  0.611111104       0.00000000    
         266   1.85897422       0.00000000    
         267   3.10606050       0.00000000    
         268   4.35185146       0.00000000    
         269   5.59523773       0.00000000    
         270   6.83333349       0.00000000    
         271   8.05555534       0.00000000    
         272   9.16666698       0.00000000    
         273  0.611111104       0.00000000    
         274   1.85897422       0.00000000    
         275   3.10606050       0.00000000    
         276   4.35185146       0.00000000    
         277   5.59523773       0.00000000    
         278   6.83333349       0.00000000    
         279   8.05555534       0.00000000    
         280   9.16666698       0.00000000    
Frequency (rad/s) :1.000   Mod:    6
Number        Real()        IMAG()
           1  -9.96377659       0.00000000    
           2  -9.96377659       0.00000000    
           3  -9.96377659       0.00000000    
           4  -9.96377659       0.00000000    
           5  -9.96377659       0.00000000    
           6  -9.96377659       0.00000000    
           7  -9.96377659       0.00000000    
           8  -9.96377659       0.00000000    
           9  -8.67812920       0.00000000    
          10  -8.67812920       0.00000000    
          11  -8.67812920       0.00000000    
          12  -8.67812920       0.00000000    
          13  -8.67812920       0.00000000    
          14  -8.67812920       0.00000000    
          15  -8.67812920       0.00000000    
          16  -8.67812920       0.00000000    
          17  -7.39248037       0.00000000    
          18  -7.39248037       0.00000000    
          19  -7.39248037       0.00000000    
          20  -7.39248037       0.00000000    
          21  -7.39248037       0.00000000    
          22  -7.39248037       0.00000000    
          23  -7.39248037       0.00000000    
          24  -7.39248037       0.00000000    
          25  -6.10683107       0.00000000    
          26  -6.10683107       0.00000000    
          27  -6.10683107       0.00000000    
          28  -6.10683107       0.00000000    
          29  -6.10683107       0.00000000    
          30  -6.10683107       0.00000000    
          31  -6.10683107       0.00000000    
          32  -6.10683107       0.00000000    
          33  -4.82118273       0.00000000    
          34  -4.82118273       0.00000000    
          35  -4.82118273       0.00000000    
          36  -4.82118273       0.00000000    
          37  -4.82118273       0.00000000    
          38  -4.82118273       0.00000000    
          39  -4.82118273       0.00000000    
          40  -4.82118273       0.00000000    
          41  -3.53553391       0.00000000    
          42  -3.53553391       0.00000000    
          43  -3.53553391       0.00000000    
          44  -3.53553391       0.00000000    
          45  -3.53553391       0.00000000    
          46  -3.53553391       0.00000000    
          47  -3.53553391       0.00000000    
          48  -3.53553391       0.00000000    
          49  -2.24988532       0.00000000    
          50  -2.24988532       0.00000000    
          51  -2.24988532       0.00000000    
          52  -2.24988532       0.00000000    
          53  -2.24988532       0.00000000    
          54  -2.24988532       0.00000000    
          55  -2.24988532       0.00000000    
          56  -2.24988532       0.00000000    
          57 -0.964236259       0.00000000    
          58 -0.964236259       0.00000000    
          59 -0.964236259       0.00000000    
          60 -0.964236259       0.00000000    
          61 -0.964236259       0.00000000    
          62 -0.964236259       0.00000000    
          63 -0.964236259       0.00000000    
          64 -0.964236259       0.00000000    
          65  0.321412206       0.00000000    
          66  0.321412206       0.00000000    
          67  0.321412206       0.00000000    
          68  0.321412206       0.00000000    
          69  0.321412206       0.00000000    
          70  0.321412206       0.00000000    
          71  0.321412206       0.00000000    
          72  0.321412206       0.00000000    
          73   1.60706055       0.00000000    
          74   1.60706055       0.00000000    
          75   1.60706055       0.00000000    
          76   1.60706055       0.00000000    
          77   1.60706055       0.00000000    
          78   1.60706055       0.00000000    
          79   1.60706055       0.00000000    
          80   1.60706055       0.00000000    
          81   2.89270926       0.00000000    
          82   2.89270926       0.00000000    
          83   2.89270926       0.00000000    
          84   2.89270926       0.00000000    
          85   2.89270926       0.00000000    
          86   2.89270926       0.00000000    
          87   2.89270926       0.00000000    
          88   2.89270926       0.00000000    
          89  0.624999940       0.00000000    
          90  0.624999940       0.00000000    
          91  0.624999940       0.00000000    
          92  0.624999940       0.00000000    
          93  0.624999940       0.00000000    
          94  0.624999940       0.00000000    
          95  0.624999940       0.00000000    
          96  0.624999940       0.00000000    
          97   1.87500000       0.00000000    
          98   1.87500000       0.00000000    
          99   1.87500000       0.00000000    
         100   1.87500000       0.00000000    
         101   1.87500000       0.00000000    
         102   1.87500000       0.00000000    
         103   1.87500000       0.00000000    
         104   1.87500000       0.00000000    
         105   3.12500000       0.00000000    
         106   3.12500000       0.00000000    
         107   3.12500000       0.00000000    
         108   3.12500000       0.00000000    
         109   3.12500000       0.00000000    
         110   3.12500000       0.00000000    
         111   3.12500000       0.00000000    
         112   3.12500000       0.00000000    
         113   4.37500000       0.00000000    
         114   4.37500000       0.00000000    
         115   4.37500000       0.00000000    
         116   4.37500000       0.00000000    
         117   4.37500000       0.00000000    
         118   4.37500000       0.00000000    
         119   4.37500000       0.00000000    
         120   4.37500000       0.00000000    
         121   5.62500000       0.00000000    
         122   5.62500000       0.00000000    
         123   5.62500000       0.00000000    
         124   5.62500000       0.00000000    
         125   5.62500000       0.00000000    
         126   5.62500000       0.00000000    
         127   5.62500000       0.00000000    
         128   5.62500000       0.00000000    
         129   6.87500000       0.00000000    
         130   6.87500000       0.00000000    
         131   6.87500000       0.00000000    
         132   6.87500000       0.00000000    
         133   6.87500000       0.00000000    
         134   6.87500000       0.00000000    
         135   6.87500000       0.00000000    
         136   6.87500000       0.00000000    
         137   8.12500000       0.00000000    
         138   8.12500000       0.00000000    
         139   8.12500000       0.00000000    
         140   8.12500000       0.00000000    
         141   8.12500000       0.00000000    
         142   8.12500000       0.00000000    
         143   8.12500000       0.00000000    
         144   8.12500000       0.00000000    
         145   9.37500000       0.00000000    
         146   9.37500000       0.00000000    
         147   9.37500000       0.00000000    
         148   9.37500000       0.00000000    
         149   9.37500000       0.00000000    
         150   9.37500000       0.00000000    
         151   9.37500000       0.00000000    
         152   9.37500000       0.00000000    
         153  -4.37500000       0.00000000    
         154  -4.37500000       0.00000000    
         155  -4.37500000       0.00000000    
         156  -4.37500000       0.00000000    
         157  -4.37500000       0.00000000    
         158  -4.37500000       0.00000000    
         159  -4.37500000       0.00000000    
         160  -4.37500000       0.00000000    
         161  -3.12500000       0.00000000    
         162  -3.12500000       0.00000000    
         163  -3.12500000       0.00000000    
         164  -3.12500000       0.00000000    
         165  -3.12500000       0.00000000    
         166  -3.12500000       0.00000000    
         167  -3.12500000       0.00000000    
         168  -3.12500000       0.00000000    
         169  -1.87500000       0.00000000    
         170  -1.87500000       0.00000000    
         171  -1.87500000       0.00000000    
         172  -1.87500000       0.00000000    
         173  -1.87500000       0.00000000    
         174  -1.87500000       0.00000000    
         175  -1.87500000       0.00000000    
         176  -1.87500000       0.00000000    
         177 -0.624999940       0.00000000    
         178 -0.624999940       0.00000000    
         179 -0.624999940       0.00000000    
         180 -0.624999940       0.00000000    
         181 -0.624999940       0.00000000    
         182 -0.624999940       0.00000000    
         183 -0.624999940       0.00000000    
         184 -0.624999940       0.00000000    
         185  0.624999940       0.00000000    
         186  0.624999940       0.00000000    
         187  0.624999940       0.00000000    
         188  0.624999940       0.00000000    
         189  0.624999940       0.00000000    
         190  0.624999940       0.00000000    
         191  0.624999940       0.00000000    
         192  0.624999940       0.00000000    
         193   1.87500000       0.00000000    
         194   1.87500000       0.00000000    
         195   1.87500000       0.00000000    
         196   1.87500000       0.00000000    
         197   1.87500000       0.00000000    
         198   1.87500000       0.00000000    
         199   1.87500000       0.00000000    
         200   1.87500000       0.00000000    
         201   3.12500000       0.00000000    
         202   3.12500000       0.00000000    
         203   3.12500000       0.00000000    
         204   3.12500000       0.00000000    
         205   3.12500000       0.00000000    
         206   3.12500000       0.00000000    
         207   3.12500000       0.00000000    
         208   3.12500000       0.00000000    
         209   4.37500000       0.00000000    
         210   4.37500000       0.00000000    
         211   4.37500000       0.00000000    
         212   4.37500000       0.00000000    
         213   4.37500000       0.00000000    
         214   4.37500000       0.00000000    
         215   4.37500000       0.00000000    
         216   4.37500000       0.00000000    
         217   0.00000000       0.00000000    
         218   0.00000000       0.00000000    
         219   0.00000000       0.00000000    
         220   0.00000000       0.00000000    
         221   0.00000000       0.00000000    
         222   0.00000000       0.00000000    
         223   0.00000000       0.00000000    
         224   0.00000000       0.00000000    
         225   0.00000000       0.00000000    
         226   0.00000000       0.00000000    
         227   0.00000000       0.00000000    
         228   0.00000000       0.00000000    
         229   0.00000000       0.00000000    
         230   0.00000000       0.00000000    
         231   0.00000000       0.00000000    
         232   0.00000000       0.00000000    
         233   0.00000000       0.00000000    
         234   0.00000000       0.00000000    
         235   0.00000000       0.00000000    
         236   0.00000000       0.00000000    
         237   0.00000000       0.00000000    
         238   0.00000000       0.00000000    
         239   0.00000000       0.00000000    
         240   0.00000000       0.00000000    
         241   0.00000000       0.00000000    
         242   0.00000000       0.00000000    
         243   0.00000000       0.00000000    
         244   0.00000000       0.00000000    
         245   0.00000000       0.00000000    
         246   0.00000000       0.00000000    
         247   0.00000000       0.00000000    
         248   0.00000000       0.00000000    
         249   0.00000000       0.00000000    
         250   0.00000000       0.00000000    
         251   0.00000000       0.00000000    
         252   0.00000000       0.00000000    
         253   0.00000000       0.00000000    
         254   0.00000000       0.00000000    
         255   0.00000000       0.00000000    
         256   0.00000000       0.00000000    
         257   0.00000000       0.00000000    
         258   0.00000000       0.00000000    
         259   0.00000000       0.00000000    
         260   0.00000000       0.00000000    
         261   0.00000000       0.00000000    
         262   0.00000000       0.00000000    
         263   0.00000000       0.00000000    
         264   0.00000000       0.00000000    
         265   0.00000000       0.00000000    
         266   0.00000000       0.00000000    
         267   0.00000000       0.00000000    
         268   0.00000000       0.00000000    
         269   0.00000000       0.00000000    
         270   0.00000000       0.00000000    
         271   0.00000000       0.00000000    
         272   0.00000000       0.00000000    
         273   0.00000000       0.00000000    
         274   0.00000000       0.00000000    
         275   0.00000000       0.00000000    
         276   0.00000000       0.00000000    
         277   0.00000000       0.00000000    
         278   0.00000000       0.00000000    
         279   0.00000000       0.00000000    
         280   0.00000000       0.00000000    
